           1  -211.91854076262319     
           2  -207.70492028591701     
           3  -202.71382041714554     
           4  -198.14854992166462     
           5  -194.68051328864928     
           6  -192.80130791225292     
           7  -193.13735904057677     
           8  -196.93675047762406     
           9  -208.22131442648043     
          10  -235.38100280364435     
          11  -203.09836908308864     
          12  -196.77330140787009     
          13  -199.76353260389504     
          14  -220.61081759126068     
          15  -210.45811552433554     
          16  -200.11446701658235     
          17  -206.35834398001140     
          18  -234.65240537213873     
          19  -204.15578650048610     
          20  -207.30078050574033     
          21  -236.74767945262357     
          22  -206.05134063091032     
          23  -214.16253820054126     
          24  -219.20797142369750     
          25  -208.26294594326683     
          26  -248.03232263748330     
          27  -210.75309879115059     
          28  -220.31796230998896     
          29  -217.36413441210803     
          30  -215.07759317371978     
          31  -227.05677137523256     
          32  -214.07513387703921     
          33  -240.00935218937946     
          34  -214.62012250451772     
          35  -256.82358234569455     
          36  -215.66385486255118     
          37  -271.87773082340135     
          38  -216.75158125329085     
          39  -265.40446281394037     
          40  -217.80666150248152     
          41  -251.44993681063363     
          42  -219.00288708212963     
          43  -240.85505086540192     
          44  -220.68128815043511     
          45  -233.21373807418234     
          46  -223.16765778629792     
          47  -228.20926254782233     
          48  -227.81349942670332     
          49  -224.43233073515046     
          50  -235.79154185578403     
          51  -222.27725886275536     
          52  -254.45608011110983     
          53  -221.81921931145229     
          54  -253.77751443453118     
          55  -223.18073847691269     
          56  -235.47668670964882     
          57  -226.81038531710041     
          58  -228.00024365690393     
          59  -234.06531588235583     
          60  -224.40904975701682     
          61  -250.97997146606366     
          62  -223.30514680016844     
          63  -256.55059303640058     
          64  -224.30259519860485     
          65  -236.42239401334029     
          66  -227.52310599185870     
          67  -228.75570033583071     
          68  -233.76604696177930     
          69  -224.97863515831233     
          70  -246.15799828103815     
          71  -223.38720097401858     
          72  -290.44903122864957     
          73  -223.34370921078494     
          74  -244.90040716544723     
          75  -224.52528866827291     
          76  -234.61589206455716     
          77  -226.71499930016441     
          78  -229.26512502026532     
          79  -229.73815890286969     
          80  -226.11406387392233     
          81  -233.45396132237508     
          82  -224.19898451756413     
          83  -237.70645921210615     
          84  -222.98685735885513     
          85  -242.08519795819109     
          86  -222.13800615699540     
          87  -245.51976210453063     
          88  -221.49658333084406     
          89  -246.46763514717478     
          90  -221.05390681712632     
          91  -244.36293852310138     
          92  -220.84225499895780     
          93  -240.12292209302672     
          94  -220.89898992182580     
          95  -234.86527284143415     
          96  -221.40527155754395     
          97  -229.34361940699489     
          98  -222.92256669686668     
          99  -224.25844682676558     
         100  -226.62787174957242     
         101  -220.26373267288034     
         102  -235.36648352223708     
         103  -217.77290079034825     
         104  -277.58377351160595     
         105  -217.16645129260914     
         106  -234.75200741129134     
         107  -219.49256167449778     
         108  -221.61702640213383     
         109  -228.37313684580459     
         110  -215.96224153628384     
         111  -268.34508420154003     
         112  -215.93056666674559     
         113  -223.20938622319443     
         114  -224.59217781783192     
         115  -214.64404944887181     
         116  -252.95612645180393     
         117  -215.54084909356419     
         118  -218.03449601122750     
         119  -233.32111827817525     
         120  -212.56925943968611     
         121  -223.62089635646186     
         122  -222.37243152409297     
         123  -211.56100009548467     
         124  -228.07771475734421     
         125  -219.05061094360229     
         126  -210.84957912059599     
         127  -227.17539719221526     
         128  -219.55426809807076     
         129  -209.95890597609065     
         130  -221.21127664745970     
         131  -224.80916814400953     
         132  -209.41748340038703     
         133  -213.86440408249808     
         134  -254.18799972700836     
         135  -211.47437424627495     
         136  -208.36479731520515     
         137  -221.91821036867285     
         138  -224.03878774507362     
         139  -208.00954805989267     
         140  -208.12774395412214     
         141  -223.87154026693639     
         142  -222.89212758422221     
         143  -207.53365111925740     
         144  -206.19041161659777     
         145  -215.42533884618302     
         146  -246.03829627711610     
         147  -211.33498089171795     
         148  -204.90253689893837     
         149  -206.46606126882389     
         150  -217.34538592164859     
         151  -244.08632384385189     
         152  -212.17059961953296     
         153  -204.80647532248975     
         154  -203.83658947525535     
         155  -207.95822078143746     
         156  -220.38402784376575     
         157  -243.50723506416486     
         158  -213.91451157103009     
         159  -205.60809970067618     
         160  -202.48899589748447     
         161  -202.46715987621315     
         162  -205.12017416293907     
         163  -210.99092719416717     
         164  -222.99131466641256     
         165  -258.26070141509717     
         166  -221.76852225381097     
         167  -211.46245502751410     
         168  -206.15572216192678     
         169  -203.13213916048727     
         170  -201.46805308445650     
         171  -200.71271994344107     
         172  -200.59274560196974     
         173  -200.91511067279015     
         174  -201.52851660237306     
         175  -202.30574935815906     
         176  -203.13453797244927     
         177  -203.91291279774219     
         178  -204.54894556528421     
         179  -204.96579250080003     
         180  -205.11100263415554     
         181  -204.96579249699263     
         182  -204.54894556377701     
         183  -203.91291280221304     
         184  -203.13453797607278     
         185  -202.30574935305114     
         186  -201.52851659584985     
         187  -200.91511067770540     
         188  -200.59274561200846     
         189  -200.71271993999616     
         190  -201.46805307000508     
         191  -203.13213916064302     
         192  -206.15572218421633     
         193  -211.46245503634441     
         194  -221.76852219710301     
         195  -258.26070103612994     
         196  -222.99131462302188     
         197  -210.99092717243937     
         198  -205.12017417334405     
         199  -202.46715989104723     
         200  -202.48899589446148     
         201  -205.60809968513067     
         202  -213.91451156771527     
         203  -243.50723516233330     
         204  -220.38402783051038     
         205  -207.95822078740031     
         206  -203.83658947996847     
         207  -204.80647532080371     
         208  -212.17059961465264     
         209  -244.08632385346348     
         210  -217.34538591619500     
         211  -206.46606127116809     
         212  -204.90253690152997     
         213  -211.33498088656168     
         214  -246.03829627573305     
         215  -215.42533883812177     
         216  -206.19041161180232     
         217  -207.53365112421506     
         218  -222.89212759090489     
         219  -223.87154028255651     
         220  -208.12774395563542     
         221  -208.00954805411908     
         222  -224.03878775039786     
         223  -221.91821035425178     
         224  -208.36479731996872     
         225  -211.47437425098786     
         226  -254.18799962140156     
         227  -213.86440408257045     
         228  -209.41748338904031     
         229  -224.80916815700232     
         230  -221.21127662017471     
         231  -209.95890598680731     
         232  -219.55426812294621     
         233  -227.17539723110150     
         234  -210.84957913525585     
         235  -219.05061091460325     
         236  -228.07771479513968     
         237  -211.56100007774569     
         238  -222.37243150622956     
         239  -223.62089633092648     
         240  -212.56925943314224     
         241  -233.32111829180656     
         242  -218.03449600940709     
         243  -215.54084908368210     
         244  -252.95612649755728     
         245  -214.64404942467161     
         246  -224.59217779471703     
         247  -223.20938616454515     
         248  -215.93056664188975     
         249  -268.34508366687720     
         250  -215.96224149984764     
         251  -228.37313693323773     
         252  -221.61702634149023     
         253  -219.49256171126558     
         254  -234.75200728528253     
         255  -217.16645130927139     
         256  -277.58377489686359     
         257  -217.77290079484769     
         258  -235.36648359486125     
         259  -220.26373267007858     
         260  -226.62787177374483     
         261  -224.25844682081254     
         262  -222.92256670551524     
         263  -229.34361940130583     
         264  -221.40527156020858     
         265  -234.86527283798296     
         266  -220.89898992244861     
         267  -240.12292209192992     
         268  -220.84225499914174     
         269  -244.36293852332250     
         270  -221.05390681735281     
         271  -246.46763514723534     
         272  -221.49658333107391     
         273  -245.51976210380974     
         274  -222.13800615703371     
         275  -242.08519795748521     
         276  -222.98685735864680     
         277  -237.70645921209851     
         278  -224.19898451730774     
         279  -233.45396132292780     
         280  -226.11406387393782     
         281  -229.73815890346631     
         282  -229.26512502075781     
         283  -226.71499930044445     
         284  -234.61589206548740     
         285  -224.52528866821882     
         286  -244.90040716661304     
         287  -223.34370921061222     
         288  -290.44903123393806     
         289  -223.38720097396310     
         290  -246.15799828132822     
         291  -224.97863515848198     
         292  -233.76604696179186     
         293  -228.75570033617362     
         294  -227.52310599166572     
         295  -236.42239401369548     
         296  -224.30259519836753     
         297  -256.55059303647334     
         298  -223.30514680001403     
         299  -250.97997146659969     
         300  -224.40904975699306     
         301  -234.06531588251963     
         302  -228.00024365698448     
         303  -226.81038531713554     
         304  -235.47668670978618     
         305  -223.18073847692710     
         306  -253.77751443491195     
         307  -221.81921931151024     
         308  -254.45608011038186     
         309  -222.27725886285975     
         310  -235.79154185526704     
         311  -224.43233073523862     
         312  -227.81349942621600     
         313  -228.20926254776873     
         314  -223.16765778589559     
         315  -233.21373807385720     
         316  -220.68128815016482     
         317  -240.85505086471383     
         318  -219.00288708201896     
         319  -251.44993680958677     
         320  -217.80666150249556     
         321  -265.40446281315042     
         322  -216.75158125335687     
         323  -271.87773082491282     
         324  -215.66385486259745     
         325  -256.82358234729003     
         326  -214.62012250450985     
         327  -240.00935219005999     
         328  -214.07513387698492     
         329  -227.05677137546897     
         330  -215.07759317364619     
         331  -217.36413441216160     
         332  -220.31796230992441     
         333  -210.75309879113260     
         334  -248.03232263757110     
         335  -208.26294594322019     
         336  -219.20797142360522     
         337  -214.16253820046552     
         338  -206.05134063082664     
         339  -236.74767945291273     
         340  -207.30078050561940     
         341  -204.15578650049736     
         342  -234.65240537278453     
         343  -206.35834397998852     
         344  -200.11446701667495     
         345  -210.45811552439500     
         346  -220.61081759153268     
         347  -199.76353260393935     
         348  -196.77330140781169     
         349  -203.09836908305016     
         350  -235.38100280417834     
         351  -208.22131442644039     
         352  -196.93675047767587     
         353  -193.13735904058325     
         354  -192.80130791222086     
         355  -194.68051328865874     
         356  -198.14854992170194     
         357  -202.71382041712033     
         358  -207.70492028588370     
         359  -211.91854076267941     
         360  -213.64103222842999     
